1 0.186701 0.159854 0.033248 0.077100
1 0.095908 0.424034 0.040921 0.061226
1 0.029412 0.207475 0.025575 0.054423
1 0.136189 0.557825 0.021739 0.043085
1 0.241049 0.340132 0.019182 0.052156
1 0.209719 0.258497 0.023018 0.038550
1 0.078645 0.241489 0.021739 0.036282
1 0.136829 0.131509 0.012788 0.038550
1 0.160486 0.258497 0.019182 0.052156
1 0.163683 0.619051 0.030691 0.061226
1 0.266624 0.599776 0.014066 0.054423
1 0.339514 0.530613 0.029412 0.061226
1 0.310102 0.447844 0.021739 0.031747
1 0.347826 0.196137 0.028133 0.063494
1 0.174552 0.752841 0.021739 0.065761
1 0.172634 0.856019 0.015345 0.040817
1 0.269182 0.890034 0.021739 0.027212
1 0.202685 0.749440 0.024297 0.036282
1 0.044757 0.885498 0.017903 0.031747
1 0.070972 0.791391 0.019182 0.029479
1 0.704604 0.607713 0.035806 0.052156
1 0.702046 0.348068 0.015345 0.045353
1 0.734015 0.346935 0.020460 0.038550
1 0.712916 0.715425 0.031969 0.063494
1 0.824169 0.902506 0.037084 0.056691
1 0.944373 0.831075 0.021739 0.045353
1 0.984655 0.888900 0.015345 0.024944
1 0.826726 0.223348 0.024297 0.054423
1 0.829284 0.162122 0.026854 0.031747
1 0.807545 0.490929 0.014066 0.036282
1 0.794118 0.256229 0.017903 0.029479
1 0.679028 0.403625 0.020460 0.065761
1 0.636829 0.753975 0.023018 0.036282
1 0.349105 0.904773 0.023018 0.038550
1 0.348465 0.665537 0.021739 0.040817