1 0.562660 0.458401 0.043478 0.083197
1 0.689258 0.411025 0.040921 0.057776
1 0.811381 0.430669 0.062660 0.055465
1 0.721228 0.632884 0.035806 0.039288
1 0.890665 0.667550 0.031969 0.048532
1 0.977621 0.661772 0.044757 0.050843
1 0.947570 0.723015 0.028133 0.053154
1 0.824808 0.679105 0.028133 0.057776
1 0.773018 0.677950 0.021739 0.069331
1 0.659207 0.673328 0.067775 0.069331
1 0.469309 0.480356 0.056266 0.067020
1 0.351023 0.432980 0.080563 0.064709
1 0.184783 0.429513 0.054987 0.034666
1 0.069054 0.391381 0.076726 0.041599
1 0.112532 0.639818 0.058824 0.034666
1 0.665601 0.258497 0.042199 0.039288
1 0.873402 0.310495 0.033248 0.060087
1 0.955882 0.280452 0.024297 0.055465
1 0.239770 0.286229 0.034527 0.039288