1 0.098465 0.252291 0.053708 0.059281
1 0.152813 0.043749 0.031969 0.044461
1 0.326726 0.810166 0.047315 0.057164
1 0.757673 0.803814 0.039642 0.069867
1 0.529412 0.725479 0.040921 0.048695
1 0.144501 0.976537 0.046036 0.046925
1 0.140665 0.739241 0.043478 0.050812
1 0.166880 0.388848 0.042199 0.061398
1 0.020460 0.323216 0.023018 0.044461
1 0.219949 0.389907 0.035806 0.076218
1 0.452685 0.132671 0.020460 0.035992
1 0.944373 0.344388 0.029412 0.069867
1 0.795396 0.336978 0.038363 0.042343
1 0.484655 0.916024 0.030691 0.069867
1 0.693734 0.820752 0.031969 0.048695
1 0.244246 0.927669 0.030691 0.042343