1 0.303708 0.249273 0.062660 0.076910
1 0.247442 0.424628 0.037084 0.089216
1 0.239770 0.316954 0.072890 0.064605
1 0.660486 0.310801 0.024297 0.046146
1 0.707161 0.170824 0.028133 0.043070
1 0.530691 0.298495 0.035806 0.064605
1 0.420077 0.310801 0.024297 0.046146
1 0.468670 0.361562 0.024297 0.030764
1 0.163683 0.153904 0.025575 0.027688
1 0.231458 0.210818 0.023018 0.049223
1 0.110614 0.310801 0.024297 0.046146
1 0.028133 0.187745 0.023018 0.021535
1 0.188619 0.383097 0.026854 0.098445
1 0.617008 0.209279 0.029412 0.033840
1 0.588875 0.307725 0.026854 0.113827
1 0.442455 0.856863 0.025575 0.073834
1 0.820332 0.876860 0.026854 0.144591
1 0.926471 0.850710 0.037084 0.092292
1 0.992327 0.423090 0.015345 0.061528
1 0.622123 0.884551 0.031969 0.067681
1 0.704604 0.921468 0.023018 0.036917
1 0.335038 0.879936 0.053708 0.083063
1 0.059463 0.824561 0.031969 0.039993
1 0.114450 0.887627 0.026854 0.055375
1 0.632353 0.372329 0.026854 0.089216
1 0.436061 0.393864 0.023018 0.039993
1 0.407928 0.153904 0.023018 0.033840
1 0.281969 0.430781 0.024297 0.083063
1 0.007673 0.461545 0.012788 0.076910
1 0.032609 0.475389 0.026854 0.073834
1 0.008951 0.333874 0.017902 0.036917
1 0.148338 0.232353 0.017903 0.030764