1 0.567136 0.742815 0.083120 0.113524
1 0.724425 0.730201 0.049872 0.063069
1 0.703964 0.793269 0.052430 0.069376
1 0.740409 0.891026 0.038363 0.044148
1 0.865090 0.840571 0.047315 0.094603
1 0.851023 0.720740 0.042199 0.100910
1 0.893862 0.698666 0.046036 0.088296
1 0.810742 0.665555 0.043478 0.053608
1 0.387468 0.701820 0.056266 0.063069
1 0.495524 0.708127 0.039642 0.100910
1 0.183504 0.723894 0.047315 0.050455
1 0.595908 0.228805 0.028133 0.094603
1 0.696292 0.214614 0.019182 0.053608
1 0.720588 0.200424 0.019182 0.069376
1 0.793478 0.176773 0.014066 0.078836
1 0.765345 0.230381 0.026854 0.059915
1 0.858056 0.146815 0.017903 0.056762
1 0.885550 0.249302 0.016624 0.040995
1 0.907289 0.211461 0.026854 0.047302
1 0.253836 0.299757 0.021739 0.040995