1 0.198849 0.531612 0.057545 0.039515
1 0.207801 0.596812 0.049872 0.035563
1 0.011509 0.483206 0.023018 0.053345
1 0.039003 0.430849 0.034527 0.043466
1 0.134271 0.482218 0.030691 0.047418
1 0.079284 0.323171 0.025575 0.049394
1 0.410486 0.399237 0.089514 0.079030
1 0.519821 0.454558 0.085678 0.059272
1 0.636189 0.495061 0.108696 0.081006
1 0.564578 0.217468 0.029412 0.039515
1 0.524936 0.317243 0.026854 0.037539
1 0.594629 0.355770 0.028133 0.047418
1 0.719309 0.419982 0.037084 0.045442
1 0.773018 0.445667 0.047315 0.057297
1 0.712916 0.517782 0.026854 0.055321
1 0.636189 0.384419 0.024297 0.029636
1 0.486573 0.391334 0.019182 0.043466
1 0.331841 0.285631 0.031969 0.045442
1 0.283248 0.725235 0.037084 0.031612
1 0.284527 0.569151 0.034527 0.035563
1 0.039642 0.593848 0.040921 0.033588
1 0.839514 0.787471 0.037084 0.037539
1 0.580563 0.722272 0.046036 0.045442
1 0.804348 0.931701 0.040921 0.049394
1 0.868926 0.495061 0.029412 0.041491
1 0.831202 0.479255 0.023018 0.045442
1 0.966113 0.567175 0.047315 0.059272
1 0.193095 0.231298 0.046036 0.039515
1 0.113811 0.115717 0.028133 0.029636