1 0.561381 0.458538 0.051151 0.072873
1 0.691176 0.415819 0.042199 0.052770
1 0.360614 0.449743 0.048593 0.045232
1 0.469309 0.477384 0.051151 0.080412
1 0.175192 0.435922 0.066496 0.082925
1 0.693095 0.665850 0.109974 0.045232
1 0.778772 0.680927 0.030691 0.055283
1 0.827366 0.698517 0.028133 0.045232
1 0.893862 0.679670 0.040921 0.072873
1 0.976982 0.675901 0.046036 0.065335
1 0.950128 0.755056 0.030691 0.042719
1 0.957161 0.265047 0.021739 0.037693
1 0.871483 0.291432 0.024297 0.040206
1 0.670077 0.239918 0.030691 0.032667
1 0.568414 0.260021 0.021739 0.042719
1 0.241049 0.263790 0.021739 0.035180
1 0.629795 0.703543 0.026854 0.055283
1 0.651535 0.805314 0.031969 0.042719