1 0.296675 0.909980 0.048593 0.070144
1 0.418159 0.832580 0.038363 0.060469
1 0.455243 0.230308 0.040921 0.079819
1 0.629156 0.411715 0.035806 0.094332
1 0.758312 0.307708 0.040921 0.137870
1 0.844629 0.694710 0.037084 0.060469
1 0.808184 0.796298 0.046036 0.065307
1 0.511509 0.818067 0.053708 0.055632
1 0.560742 0.799927 0.034527 0.072563
1 0.645141 0.945052 0.034527 0.062888
1 0.548593 0.888212 0.038363 0.041119
1 0.599105 0.894258 0.042199 0.048375
1 0.663683 0.721317 0.033248 0.055632
1 0.649616 0.798717 0.035806 0.045957
1 0.225703 0.780577 0.031969 0.058050
1 0.307545 0.710432 0.026854 0.048375
1 0.357417 0.738248 0.026854 0.050794
1 0.393223 0.891840 0.039642 0.058050
1 0.343350 0.890630 0.021739 0.055632
1 0.147059 0.743086 0.035806 0.060469
1 0.178389 0.872490 0.024297 0.058050
1 0.053069 0.787833 0.039642 0.077400
1 0.095269 0.854349 0.026854 0.074982
1 0.700767 0.256914 0.043478 0.060469
1 0.137468 0.273846 0.049872 0.060469
1 0.163043 0.360921 0.085678 0.055632
1 0.246164 0.207330 0.049872 0.072563
1 0.013427 0.281102 0.026854 0.079819
1 0.087596 0.287149 0.034527 0.062888
1 0.857417 0.350037 0.026854 0.038700
1 0.905371 0.220633 0.023018 0.045957
1 0.511509 0.317383 0.028133 0.079819
1 0.595908 0.276264 0.028133 0.055632
1 0.643223 0.239983 0.035806 0.041119
1 0.702046 0.160164 0.046036 0.045957
1 0.561381 0.152907 0.025575 0.045957
1 0.062020 0.330687 0.039642 0.062888
1 0.262788 0.366968 0.085678 0.062888