1 0.357417 0.779197 0.057545 0.076283
1 0.552430 0.820389 0.053708 0.097643
1 0.699488 0.806658 0.046036 0.057975
1 0.824808 0.792928 0.046036 0.085437
1 0.865729 0.757837 0.038363 0.088489
1 0.765345 0.281830 0.037084 0.070181
1 0.836317 0.249791 0.023018 0.042719
1 0.863171 0.352011 0.023018 0.033565
1 0.567136 0.316920 0.034527 0.085437
1 0.680946 0.306241 0.044757 0.039667
1 0.833760 0.914981 0.035806 0.067129
1 0.714194 0.960751 0.026854 0.054924
1 0.679028 0.881416 0.030691 0.073232
1 0.735934 0.339805 0.021739 0.082386
1 0.228900 0.387101 0.017903 0.048821
1 0.152813 0.799030 0.044757 0.054924
2 0.411765 0.651041 0.033248 0.039667