1 0.139386 0.345408 0.035806 0.058706
1 0.142583 0.233867 0.034527 0.031310
1 0.106138 0.259306 0.028133 0.039137
1 0.197570 0.177118 0.021739 0.043051
1 0.539003 0.242673 0.042199 0.056749
1 0.717391 0.248543 0.025575 0.056749
1 0.782609 0.119390 0.023018 0.037180
1 0.659207 0.153635 0.019182 0.039137
1 0.700128 0.051879 0.021739 0.023482
1 0.854859 0.107649 0.019182 0.025439
1 0.950767 0.085145 0.014066 0.031310
1 0.673274 0.292573 0.034527 0.031310
1 0.581202 0.299422 0.021739 0.048922
1 0.626598 0.215277 0.023018 0.048922
1 0.385550 0.233867 0.029412 0.027396
1 0.402813 0.284745 0.030691 0.031310
1 0.257673 0.155592 0.029412 0.039137
1 0.235294 0.199622 0.038363 0.037180
1 0.122762 0.152657 0.025575 0.033267
1 0.011509 0.175161 0.023018 0.043051
1 0.074169 0.291594 0.028133 0.033267
1 0.057545 0.150700 0.023018 0.048922
1 0.090793 0.171247 0.010230 0.070447
1 0.940537 0.709384 0.039642 0.054792
1 0.939898 0.773961 0.028133 0.035224
1 0.671355 0.757327 0.038363 0.045008
1 0.466752 0.862998 0.025575 0.041094
1 0.414962 0.730910 0.029412 0.043051
1 0.258312 0.743629 0.030691 0.041094
1 0.289003 0.754392 0.020460 0.046965
1 0.225703 0.929531 0.037084 0.037180
1 0.166880 0.856149 0.029412 0.031310
1 0.523018 0.975518 0.023018 0.039137
1 0.960997 0.969169 0.037084 0.061662
1 0.444373 0.284745 0.016624 0.031310
1 0.368286 0.106671 0.020460 0.035224
1 0.271100 0.097865 0.025575 0.021525
1 0.329284 0.088080 0.021739 0.060663
1 0.595269 0.118412 0.021739 0.031310
1 0.783248 0.060684 0.019182 0.025439
1 0.817775 0.141894 0.014066 0.039137
1 0.617008 0.265177 0.029412 0.027396
1 0.466752 0.337580 0.020460 0.035224
1 0.478261 0.213320 0.023018 0.041094
1 0.427110 0.159506 0.020460 0.035224
1 0.389386 0.185924 0.019182 0.041094
1 0.300512 0.278875 0.025575 0.039137
1 0.185422 0.359106 0.020460 0.062620
1 0.062660 0.322904 0.030691 0.029353
1 0.177110 0.215277 0.021739 0.029353
1 0.398338 0.316055 0.029412 0.031310
1 0.242967 0.358127 0.069054 0.048922