2 0.382353 0.514130 0.028133 0.056520
2 0.640665 0.507065 0.046036 0.070649
1 0.643862 0.309247 0.060102 0.098909
1 0.866368 0.364353 0.075448 0.073475
1 0.383632 0.305008 0.040921 0.079127
1 0.420716 0.091647 0.040921 0.053694
1 0.373402 0.197621 0.058824 0.062171
1 0.253836 0.237184 0.042199 0.067823
1 0.193095 0.211751 0.038363 0.118691
1 0.145141 0.670971 0.052430 0.048042
1 0.114450 0.864551 0.026854 0.062171
1 0.923913 0.179252 0.039642 0.076301
1 0.583760 0.067626 0.039642 0.067823
1 0.698210 0.210338 0.020460 0.059345
1 0.462276 0.310660 0.044757 0.073475
1 0.687980 0.802379 0.023018 0.039564
1 0.269821 0.141101 0.051151 0.062171
1 0.175192 0.066213 0.035806 0.059345
1 0.250639 0.039366 0.028133 0.056520
1 0.973146 0.210338 0.023018 0.070649