2 0.126213 0.477876 0.029509 0.020649
2 0.694271 0.492625 0.139350 0.032448
2 0.790177 0.493363 0.022952 0.033923
2 0.864770 0.500737 0.057380 0.019174
2 0.745912 0.536873 0.036067 0.026549
2 0.481147 0.463864 0.047543 0.042773
2 0.547543 0.466077 0.022952 0.053097
2 0.581971 0.501475 0.032788 0.038348
2 0.622956 0.522124 0.029509 0.029499
2 0.811489 0.515487 0.036067 0.036873
2 0.210643 0.467552 0.034428 0.017699
2 0.157362 0.482301 0.026231 0.035398
2 0.047521 0.455015 0.039346 0.016224
2 0.023750 0.481563 0.031149 0.022124
2 0.177035 0.446903 0.045904 0.017699
2 0.924609 0.426991 0.029509 0.033923